N <- 332
P <- 192
p1t1 <- c(78,78,78,78,78,78,47,47,47,47,47,47,53,53,53,53,53,53,137,137,137,137,137,137,54,54,54,54,54,54,146,146,146,146,146,146,54,54,54,54,54,54,127,127,127,127,127,127,54,54,4,54,9,172,78,66,137,114,101,53,47,78,137,101,99,66,53,66,53,53,78,78,53,99,101,101,170,170,101,140,154,154,28,28,154,92,99,78,99,47,170,78,101,53,101,154,140,53,146,28,146,69,92,28,154,28,146,69,154,140,101,170,53,140,28,146,149,67,149,67,147,51,147,149,51,159,159,51,67,159,67,170,170,66,66,170,70,7,7,123,123,7,101,51,51,67,67,51,38,101,149,101,149,170,70,170,101,70,175,175,70,149,175,149,66,46,66,46,147,7,147,66,7,123,123,7,46,123,46,61,61,78,78,61,66,47,47,53,53,47,185,81,109,4,175,9,182,81,9,175,81,109,175,81,175,109,139,139,61,61,139,185,109,182,109,182,9,81,9,109,81,4,4,81,182,4,182,53,78,53,78,175,47,175,53,47,66,66,47,78,66,78,4,182,9,69,69,159,159,69,174,46,46,78,78,46,25,139,139,176,176,139,99,78,78,139,139,78,46,19,191,19,191,151,110,151,19,110,163,163,110,191,163,191,54,69,159,174,66,66,70,70,66,7,159,174,32,146,48,159,32,48,174,146,66,70,7,139,66,25,139,70,7,159,48,159,48,146,174,146,32,159,159,188,159,48,174,189,146,174,48,146)
p2t1 <- c(53,53,66,66,137,137,114,114,99,99,101,101,47,47,78,78,101,101,99,99,66,66,114,114,4,4,127,127,146,146,67,67,9,9,172,172,67,67,4,4,146,146,9,9,146,146,172,172,0,0,0,0,0,0,0,0,0,0,0,0,0,0,0,0,0,0,0,0,47,47,53,53,99,53,146,146,101,101,140,101,69,69,154,154,92,154,0,0,0,0,0,0,0,0,0,0,0,0,0,0,0,0,0,0,0,0,0,0,0,0,0,0,0,0,0,0,147,51,147,159,51,149,67,159,67,147,149,147,149,51,147,46,46,170,170,70,170,175,175,7,7,101,7,159,159,51,51,38,66,170,70,170,175,70,101,149,175,149,170,101,170,101,70,170,147,7,147,123,7,66,46,123,46,147,66,147,66,7,147,139,139,61,61,66,61,101,101,47,47,185,47,0,0,0,0,0,0,0,0,0,0,0,0,0,0,0,101,101,139,139,185,139,9,81,9,4,81,109,182,4,182,9,109,9,109,81,9,175,47,175,66,47,53,78,66,78,175,53,175,53,47,175,9,4,182,92,92,69,69,174,69,47,47,46,46,25,46,53,53,139,139,99,139,47,47,78,78,46,78,151,110,151,163,110,19,191,163,191,151,19,151,19,110,151,151,174,69,159,139,139,66,66,7,66,0,0,0,0,0,0,0,0,0,0,0,0,0,0,0,0,0,0,0,146,174,146,32,174,159,48,0,0,0,0,0,0,0,0,0,0,0,0)
p1t2 <- c(66,137,53,137,53,66,99,101,114,101,114,99,78,101,47,101,47,78,66,114,99,114,99,66,127,146,4,146,4,127,9,172,67,172,67,9,4,146,67,146,67,4,146,172,9,172,9,146,146,67,146,127,67,4,54,127,9,67,172,4,146,66,114,53,47,114,99,99,78,99,47,99,47,47,170,140,146,140,146,146,28,92,69,92,69,69,47,170,78,170,99,47,154,140,53,140,101,154,69,92,28,92,146,69,92,140,53,28,146,92,99,78,154,146,92,69,159,147,159,51,159,147,51,67,149,67,147,149,147,149,51,66,70,46,70,46,46,123,101,175,101,175,175,67,38,159,38,159,159,175,170,175,70,175,170,70,149,101,149,170,101,170,101,70,123,147,123,7,123,147,7,46,66,46,147,66,147,66,7,78,66,139,66,139,139,53,185,101,185,101,101,175,9,182,109,4,81,109,182,4,9,4,182,4,9,182,61,185,101,185,101,101,4,9,4,81,4,9,81,182,109,182,9,109,9,109,81,66,175,66,47,66,175,47,78,53,78,175,53,175,53,47,182,9,4,159,174,92,174,92,92,78,25,47,25,47,47,176,99,53,99,53,53,139,46,47,46,47,47,163,151,163,110,163,151,110,191,19,191,151,19,151,19,110,110,159,174,69,70,7,139,7,139,139,146,48,159,174,32,174,146,159,32,48,7,139,70,25,70,7,66,25,139,32,146,32,174,32,146,174,188,192,32,192,146,32,188,192,48,189,189,174)
p2t2 <- c(137,66,137,53,66,53,101,99,101,114,99,114,101,78,101,47,78,47,114,66,114,99,66,99,146,127,146,4,127,4,172,9,172,67,9,67,146,4,146,67,4,67,172,146,172,9,146,9,0,0,0,0,0,0,0,0,0,0,0,0,0,0,0,0,0,0,0,0,99,78,99,47,78,78,140,170,140,146,170,170,92,28,92,69,28,28,0,0,0,0,0,0,0,0,0,0,0,0,0,0,0,0,0,0,0,0,0,0,0,0,0,0,0,0,0,0,51,149,67,149,67,159,149,147,159,51,51,67,159,67,159,70,66,70,46,66,66,101,123,101,175,123,123,38,67,38,159,67,67,70,101,149,101,149,175,101,170,175,70,70,149,175,149,175,7,66,46,66,46,123,66,147,123,7,7,46,123,46,123,66,78,66,139,78,78,185,53,185,101,53,53,0,0,0,0,0,0,0,0,0,0,0,0,0,0,0,185,61,185,101,61,61,81,109,182,109,182,4,109,9,4,81,81,182,4,182,4,47,53,78,53,78,66,53,175,66,47,47,78,66,78,66,0,0,0,174,159,174,92,159,159,25,78,25,47,78,78,99,176,99,53,176,176,46,139,46,47,139,139,110,19,191,19,191,163,19,151,163,110,110,191,163,191,163,163,0,0,0,7,70,7,139,70,70,0,0,0,0,0,0,0,0,0,0,0,0,0,0,0,0,0,0,0,174,159,48,159,48,32,159,0,0,0,0,0,0,0,0,0,0,0,0)
score1 <- c(4,4,3,3,1,4,4,1,2,0,4,4,4,4,4,4,4,3,1,0,4,4,3,3,4,4,4,4,2,4,4,4,4,2,4,4,2,4,4,4,4,3,1,3,4,4,4,2,5,5,1,5,3,2,5,5,5,5,5,5,5,4,4,4,5,5,4,5,2,3,4,2,2,3,2,3,4,4,1,4,4,4,4,3,4,1,3,2,3,3,4,5,5,5,5,5,5,5,5,5,5,5,1,4,5,4,5,5,5,5,5,2,5,5,5,5,3,0,3,3,3,0,3,2,1,3,1,0,3,1,3,5,5,3,2,2,5,5,4,4,5,5,5,3,2,5,4,6,6,1,2,0,2,3,3,1,3,3,3,2,3,3,3,2,3,3,2,3,1,3,3,1,1,0,0,1,3,3,2,4,4,4,4,4,3,4,1,3,1,4,0,0,3,3,3,0,1,1,0,3,3,3,3,3,3,3,3,4,4,3,4,4,0,3,3,2,2,3,1,3,3,1,2,3,1,3,0,3,3,3,0,2,3,3,2,3,2,1,3,3,3,3,5,5,5,3,5,6,6,6,6,3,3,4,4,4,4,4,4,4,4,4,4,4,3,4,4,3,4,2,3,3,3,0,2,1,3,3,1,1,3,3,3,3,6,4,3,4,3,3,2,1,0,2,4,5,2,1,4,2,5,5,3,0,5,1,2,5,3,5,5,5,1,4,3,4,4,2,4,4,2,3,1,3,1,3,3,3,2,1,3,1)
score2 <- c(2,2,4,4,4,3,1,4,4,4,2,0,3,0,2,3,1,4,4,4,1,2,4,4,1,2,3,2,4,2,2,1,3,4,1,2,4,1,2,3,1,4,4,4,0,3,2,4,3,1,5,1,5,5,2,1,1,1,1,0,0,5,5,5,3,4,5,2,4,4,1,4,4,4,4,4,0,0,4,1,2,1,3,4,1,4,5,5,5,5,5,3,0,4,4,4,1,1,1,4,2,4,5,5,4,5,4,3,3,2,3,5,1,4,4,3,0,3,0,0,0,3,1,3,3,0,3,3,2,3,0,2,1,5,5,5,2,1,5,5,2,2,4,6,6,6,6,4,1,3,3,3,3,2,0,3,0,2,1,3,2,1,1,3,2,0,3,1,3,1,0,3,3,3,3,3,1,1,3,1,2,3,2,3,4,3,4,4,4,3,4,3,0,1,0,3,3,3,3,1,0,0,1,1,0,2,4,2,2,4,2,3,3,1,0,3,3,0,3,1,1,3,3,2,3,0,3,2,0,1,3,3,1,1,3,2,3,2,0,2,1,0,2,0,2,6,6,4,5,3,4,4,4,2,2,2,3,1,1,0,3,2,2,1,4,1,1,4,2,3,2,2,2,3,3,3,1,1,3,3,2,2,0,0,4,0,4,1,5,5,5,5,5,5,5,4,5,5,5,5,0,0,5,5,3,5,5,1,5,2,0,4,5,1,4,1,1,4,3,2,3,0,3,0,3,0,1,0,3,3,1,3)
