N <- 4999
P <- 191
p1t1 <- c(163,151,110,4,159,123,54,170,176,151,154,172,66,182,159,174,123,114,114,163,46,182,170,109,47,70,170,28,92,61,159,123,114,54,25,67,25,176,101,174,147,81,159,174,70,67,25,81,191,92,99,61,61,163,25,149,174,47,123,191,19,46,70,139,70,137,146,81,25,46,47,101,163,127,149,70,99,185,28,19,109,147,174,139,28,78,46,140,69,127,137,25,69,19,51,127,53,191,92,170,25,51,70,25,149,163,46,127,185,151,78,170,176,159,51,151,81,78,54,175,70,139,38,92,109,99,191,70,114,149,151,46,67,46,114,159,191,4,123,191,78,159,140,25,151,38,110,46,109,191,114,182,9,28,47,66,139,61,159,25,7,163,51,101,185,101,123,185,182,78,163,78,127,146,101,170,28,163,176,66,69,163,47,185,176,123,149,175,51,137,163,114,182,151,92,185,25,182,114,127,140,149,25,47,109,28,159,110,170,109,78,175,69,154,110,28,123,70,78,185,191,99,174,81,109,191,46,163,174,81,99,78,140,127,175,176,9,139,176,174,28,4,61,25,185,191,46,53,81,78,92,146,140,101,123,81,151,78,159,46,69,81,176,149,163,123,28,19,123,46,67,38,51,38,54,19,163,38,53,151,28,175,67,92,137,139,46,47,114,147,54,123,191,172,19,53,175,182,174,109,54,4,174,147,4,185,69,9,51,19,51,70,176,81,4,114,54,101,123,139,69,185,151,109,78,81,61,127,139,176,170,28,140,127,123,46,47,61,154,170,46,61,110,81,53,159,172,51,101,191,47,9,70,151,92,19,28,191,175,123,149,19,109,81,175,149,19,66,46,127,137,70,170,159,61,53,67,140,140,139,110,114,78,69,53,123,174,67,4,154,139,4,172,25,70,61,70,191,67,53,151,7,4,61,176,137,176,147,51,170,151,172,109,101,109,140,70,191,92,146,163,176,46,137,28,19,139,81,175,78,47,66,174,154,154,69,139,92,185,19,185,127,101,28,185,114,127,53,123,110,92,4,47,47,81,19,174,146,61,182,137,69,191,140,4,9,176,149,38,38,51,176,54,159,47,99,28,99,137,9,127,9,110,70,92,146,174,109,147,140,154,139,159,51,174,4,78,78,137,140,99,81,114,151,61,7,149,67,139,51,109,99,174,146,78,25,28,54,137,38,28,67,140,101,185,47,7,78,146,154,67,69,25,67,191,4,185,4,25,92,81,182,66,7,7,9,25,46,182,151,182,185,99,149,191,182,127,7,176,182,78,38,185,175,25,70,9,140,159,19,19,70,67,109,163,191,54,159,151,146,25,149,78,25,175,38,175,19,191,4,101,159,54,101,137,151,67,151,99,151,174,114,4,114,7,175,109,149,175,54,137,114,159,99,170,70,46,92,101,163,110,170,109,174,66,101,78,109,146,46,70,7,185,176,137,176,101,163,99,114,78,182,185,67,185,19,182,53,149,47,154,146,154,99,92,28,137,137,109,146,25,28,7,61,19,54,46,185,151,114,47,70,99,9,110,137,123,182,146,185,149,114,139,174,176,146,99,140,81,127,51,92,185,127,19,78,53,61,114,182,137,67,101,53,99,151,25,66,92,101,61,174,66,69,92,151,25,151,163,67,46,81,182,54,25,28,182,38,176,191,9,51,78,163,101,182,4,46,51,81,66,51,81,176,175,81,163,175,4,176,185,163,66,70,149,38,4,114,139,51,92,147,159,149,110,182,185,61,4,67,191,174,81,25,19,101,53,149,109,38,53,174,53,101,69,101,191,61,78,146,109,101,61,78,61,163,47,191,51,139,172,66,69,176,47,28,176,182,92,69,69,53,163,70,25,78,175,109,101,19,149,81,66,175,172,170,19,78,46,92,109,114,38,185,69,61,127,46,191,172,66,175,46,170,78,172,159,61,163,19,99,101,81,185,191,54,149,70,154,163,114,47,9,66,172,146,28,81,28,175,53,175,127,92,182,123,127,70,163,9,147,61,92,176,19,123,172,185,127,191,47,109,140,163,174,4,151,137,139,110,61,137,139,70,9,163,46,47,69,154,51,28,70,139,147,175,101,170,170,53,139,19,127,110,69,151,182,81,110,140,174,127,53,185,110,66,191,99,25,69,101,114,9,159,109,147,47,28,146,123,66,53,78,54,127,182,170,147,101,70,9,78,46,99,163,38,147,110,110,69,154,7,54,159,154,137,25,53,53,151,109,149,101,147,78,175,61,151,109,146,174,147,140,139,151,176,191,19,174,28,114,67,114,163,172,123,67,172,182,19,110,139,114,78,99,19,61,19,67,163,185,47,151,114,81,109,172,127,81,109,51,67,140,47,146,78,172,99,54,7,185,19,66,4,170,66,61,170,151,110,140,170,139,38,7,7,146,81,137,51,172,175,46,175,191,174,114,154,4,182,69,146,70,54,170,154,51,123,101,185,9,191,61,81,139,191,19,7,9,7,101,46,137,109,149,78,139,114,127,163,149,185,99,139,7,81,25,101,101,51,182,19,123,7,4,99,182,81,182,163,61,163,147,137,78,110,28,140,46,151,185,191,175,92,140,163,163,159,54,149,170,69,67,47,92,191,109,67,51,25,139,38,19,139,159,38,54,123,28,54,170,147,170,176,114,54,46,110,67,170,139,182,110,149,19,4,51,159,7,99,191,66,114,154,172,7,139,172,176,146,92,140,54,38,137,54,191,61,101,70,151,81,4,7,109,147,170,149,146,54,182,170,9,137,170,147,61,185,47,25,191,99,61,101,176,19,46,38,182,51,146,172,175,19,159,185,176,69,19,174,38,147,51,46,140,92,92,4,99,67,149,78,19,151,114,172,151,147,127,25,146,78,185,99,9,163,47,78,54,66,7,182,154,67,46,28,146,67,140,174,176,139,70,46,78,127,159,28,109,147,110,137,154,175,46,19,54,191,175,70,109,149,139,151,185,149,25,123,146,123,69,109,28,51,174,163,123,170,46,51,191,38,127,140,127,123,182,46,7,185,101,78,123,7,47,78,99,123,53,47,149,185,51,7,38,114,101,69,127,67,147,137,81,69,114,61,28,46,123,172,61,154,28,170,81,147,70,185,191,46,172,67,78,69,53,176,170,109,28,147,101,163,25,191,191,92,140,175,175,110,51,154,175,99,109,149,28,69,191,78,99,172,99,176,38,175,4,38,67,159,81,159,28,67,175,109,185,47,140,154,176,38,101,114,9,182,174,163,67,172,146,70,159,92,7,137,19,61,170,123,176,47,191,4,51,25,81,170,159,185,66,25,53,92,174,149,151,147,78,151,67,19,170,54,46,53,159,28,101,175,127,47,25,154,9,54,61,54,123,159,47,159,139,9,146,51,53,70,78,151,101,7,53,28,51,140,25,53,66,92,137,7,54,78,46,110,54,9,9,159,139,47,172,69,28,137,123,154,53,81,109,176,151,81,70,38,149,185,175,19,99,101,110,81,66,19,140,61,46,140,139,172,66,170,114,127,182,54,47,51,66,149,4,46,46,191,140,110,185,7,159,149,61,101,109,78,154,69,4,28,109,99,174,175,46,172,123,163,151,175,163,139,7,78,172,81,176,25,69,163,92,172,140,170,92,70,159,38,146,81,66,69,19,154,109,146,170,127,185,19,140,146,9,163,127,4,70,182,69,182,69,151,163,53,110,69,81,7,176,139,139,172,139,61,185,54,47,154,78,185,78,170,110,175,127,66,28,92,54,66,67,170,146,159,140,66,176,163,46,81,53,70,110,174,66,53,25,67,99,170,185,163,69,137,149,147,147,172,137,7,53,154,174,176,61,78,9,101,81,185,4,47,123,54,7,109,123,154,182,146,110,191,67,9,47,110,174,78,54,70,51,191,38,53,163,53,28,51,110,67,101,38,46,174,25,38,66,176,109,149,175,139,66,185,46,159,25,123,185,127,67,137,114,81,170,147,170,149,7,4,81,92,25,54,92,123,175,92,51,170,191,19,92,66,66,38,9,154,163,101,78,123,191,182,46,191,25,101,151,110,38,185,109,159,191,185,163,78,163,4,114,99,25,127,67,163,69,182,19,137,7,54,140,137,78,38,25,61,19,7,140,67,69,99,69,174,140,101,146,61,69,137,174,101,174,182,78,191,140,46,28,174,28,25,7,92,101,28,154,54,174,146,174,149,139,114,176,182,159,38,170,146,53,172,137,28,61,140,147,109,172,46,9,67,9,191,101,114,172,66,70,61,19,182,139,101,139,25,170,19,7,69,101,109,69,69,66,159,191,139,28,69,182,81,163,139,9,140,174,54,140,170,4,47,137,147,7,139,123,9,151,151,154,149,172,69,140,101,159,92,123,4,54,185,176,54,110,149,172,51,38,185,47,7,182,9,38,174,137,25,51,81,139,175,61,154,137,25,159,114,51,78,4,38,185,101,51,123,182,149,139,182,9,191,137,101,123,47,110,51,127,99,182,9,127,81,159,163,159,185,140,25,175,92,81,7,78,191,182,182,175,170,61,61,176,101,139,170,170,139,78,47,78,38,51,146,172,81,66,25,163,146,191,4,114,114,101,147,149,140,123,101,154,146,176,38,19,81,78,191,159,154,99,51,147,110,99,47,46,9,139,146,46,151,172,19,101,38,140,25,172,67,154,78,70,139,4,19,92,176,81,19,191,139,67,172,154,147,147,191,174,151,137,182,176,174,127,137,149,66,47,147,46,70,69,78,101,163,139,149,69,54,154,54,99,92,61,154,70,114,140,67,7,69,114,53,123,78,114,25,110,4,38,4,163,140,53,114,28,53,172,70,78,101,54,25,4,110,182,4,47,191,38,81,137,191,81,4,28,149,28,67,81,174,149,149,149,163,109,47,191,137,101,154,53,28,151,127,53,19,137,61,147,110,25,51,51,176,140,38,170,163,170,127,149,66,170,70,140,70,139,38,172,66,4,140,67,109,170,163,92,69,182,67,25,51,176,176,70,25,123,7,147,78,176,137,159,78,176,159,53,147,174,159,123,170,175,185,51,182,191,175,53,149,25,101,99,110,70,146,70,174,81,123,109,81,61,38,25,182,159,159,7,19,175,78,81,81,140,47,163,182,61,127,54,19,123,92,170,70,172,69,46,182,174,61,154,163,146,101,61,139,114,149,70,114,92,99,151,170,46,176,67,123,191,70,53,54,114,